[Individuo [18 12 17 14 20 12 10 10 12 14 16 27  4 11 19 13] total slots 229 -- Fitness 437.98870366515183 Km 293.98870366515183 slot diff 24

[Individuo [18 12 20 14 20 12 10 10 12 13 16 25  4 12 18 13] total slots 229 -- Fitness 437.4852494674338 Km 293.4852494674338 slot diff 24

semilla = 78985214



gentico 100s alpha = 6 poblacion = 30 elite = 5

[Individuo [18 10 21 16 19 11 11 13 12 12 15 23  5 20 10 13] total slots 229 -- Fitness 446.76887227344395 Km 302.76887227344395 slot diff 24
, Individuo [18 10 21 16 19 11 11 13 12 12 15 23  5 20 10 13] total slots 229 -- Fitness 446.76887227344395 Km 302.76887227344395 slot diff 24
, Individuo [18 10 21 16 19 32 11 13 12 12 21 23  5 20 10 13] total slots 256 -- Fitness 446.76887227344395 Km 140.76887227344395 slot diff 51
, Individuo [18 10 17 10 19 11 11 13 12 12 15 23  5 12 10 13] total slots 211 -- Fitness 446.76887227344395 Km 410.76887227344395 slot diff 6
, Individuo [18 10 21 16 19 11 11 13 13 12 15 23 26 20 10 13] total slots 251 -- Fitness 446.76887227344395 Km 170.76887227344395 slot diff 46
, Individuo [21 10 21 16 16 11 11 13 12 12 15 23  5 20 10 13] total slots 229 -- Fitness 448.49951746638897 Km 304.49951746638897 slot diff 24
, Individuo [21 10 21 16 16 11 11 13 12 12 15 23  5 20 10 13] total slots 229 -- Fitness 448.49951746638897 Km 304.49951746638897 slot diff 24
, Individuo [21 10 21 16 16 11 11 13 12 12 15 23  5 20 10 13] total slots 229 -- Fitness 448.49951746638897 Km 304.49951746638897 slot diff 24
, Individuo [21 10 21 16 16 11 11 13 12 12 27 23  5 20 10 13] total slots 241 -- Fitness 448.49951746638897 Km 232.49951746638897 slot diff 36
, Individuo [21 32 21 16 16 11 11 13 12 18 15 23  5 20 10 13] total slots 257 -- Fitness 448.49951746638897 Km 136.49951746638897 slot diff 52
, Individuo [21 10 21 28 16 11 11 13 12 12 15 23  5 20 10 13] total slots 241 -- Fitness 448.49951746638897 Km 232.49951746638897 slot diff 36
, Individuo [31 10 21 16 16 11 11 13 12 12 15 34  5 20 10 13] total slots 250 -- Fitness 448.49951746638897 Km 178.49951746638897 slot diff 45
, Individuo [21 10 21 16 16 11 11 13 12 12 25 23  5 16 10 13] total slots 235 -- Fitness 448.49951746638897 Km 268.49951746638897 slot diff 30
, Individuo [21 13 21 16 16 11 11 13 12 27 15 23  5 15 10 13] total slots 242 -- Fitness 448.49951746638897 Km 226.49951746638897 slot diff 37
, Individuo [25 10 21 16 16 11 11 13 12 12 15 23  5 20 10 13] total slots 233 -- Fitness 448.49951746638897 Km 280.49951746638897 slot diff 28
, Individuo [21 34 21 16 16 11 11 13 12 24 15 23  5 14 10 13] total slots 259 -- Fitness 480.4412007433095 Km 156.44120074330948 slot diff 54
, Individuo [ 8 18 21 16 16 11 11 24 12 12 25 23  5 25 10 13] total slots 250 -- Fitness 484.48524367893646 Km 214.48524367893646 slot diff 45
, Individuo [21 10 10 16 16 11 11 25 12 12 15 23  5 20 10 13] total slots 230 -- Fitness 500.9937624885819 Km 350.9937624885819 slot diff 25
, Individuo [21 26 21 16 16 11 11 25 29 12 15 23  5 21 10 13] total slots 275 -- Fitness 500.9937624885819 Km 80.99376248858192 slot diff 70
, Individuo [21 28 11 16 16 21 11 13 12 12 15 20  5 20 10 13] total slots 244 -- Fitness 503.3170793738365 Km 269.3170793738365 slot diff 39
, Individuo [21 10 21 16 16 21 11 13 12 31 11 20  5 20 25 13] total slots 266 -- Fitness 503.3170793738365 Km 137.31707937383652 slot diff 61
, Individuo [33 10 21 17 16 11 11 14 12 10 15 23  5 20 10 13] total slots 241 -- Fitness 517.8994498123163 Km 301.89944981231633 slot diff 36
, Individuo [21 10 21 31 16 11 11 20 12 12 15 23  5 16 10 13] total slots 247 -- Fitness 530.9064507602852 Km 278.9064507602852 slot diff 42
, Individuo [ 6 10 21 16 16 11 11 10 12 28 34 23  5 20 31 13] total slots 267 -- Fitness 560.8351811877324 Km 188.83518118773236 slot diff 62
, Individuo [18 10 21 26 19 21 11 13  5 12 20 18  5 20 20 13] total slots 252 -- Fitness 564.270759706134 Km 282.27075970613396 slot diff 47
, Individuo [21 10 21 16 33 11 11 13 12 15 31 23  5 23 10 13] total slots 268 -- Fitness 575.7297186030077 Km 197.72971860300765 slot diff 63
, Individuo [21  8 19 16 16 11 11 13  6 12 15 10 23 20 26 13] total slots 240 -- Fitness 576.1201369895364 Km 366.1201369895364 slot diff 35
, Individuo [18 11 21 16 19 11 11 13 12  7 22 32  5 20 10 13] total slots 241 -- Fitness 577.9843596566965 Km 361.9843596566965 slot diff 36
, Individuo [18 29 21 16 24 11 11 13 12 12 22 32 14 20 10 13] total slots 278 -- Fitness 577.9843596566965 Km 139.98435965669648 slot diff 73
, Individuo [21 10 21  8 16 11 11 15 29 12 18 23 27 20 10 13] total slots 265 -- Fitness 584.9476689958826 Km 224.94766899588262 slot diff 60

chc  100s alpha = 6 poblacion = 30



Individuo [18 12 21 14 20 11 10 10 12 14 16 25  5 13 17 11] total slots 229 -- Fitness 438.44364251347815 Km 294.44364251347815 slot diff 24
, Individuo [18 12 21 14 20 11 10 10 12 14 16 25  5 13 17 11] total slots 229 -- Fitness 438.44364251347815 Km 294.44364251347815 slot diff 24
, Individuo [18 12 21 14 20 11 10 10 12 14 16 25  5 13 17 11] total slots 229 -- Fitness 438.44364251347815 Km 294.44364251347815 slot diff 24
, Individuo [18 12 21 14 20 11 10 10 12 14 16 25  5 13 17 11] total slots 229 -- Fitness 438.44364251347815 Km 294.44364251347815 slot diff 24
, Individuo [18 12 21 14 20 11 10 10 12 14 16 25  5 13 17 11] total slots 229 -- Fitness 438.44364251347815 Km 294.44364251347815 slot diff 24
, Individuo [18 12 21 14 20 11 10 10 12 19 14 13  6 14 18 16] total slots 228 -- Fitness 510.93723871285334 Km 372.93723871285334 slot diff 23
, Individuo [18 12 21 14 20 11 10 10 12 19 14 13  6 14 18 16] total slots 228 -- Fitness 510.93723871285334 Km 372.93723871285334 slot diff 23
, Individuo [18 14 21 14 20 11 10 10 15 13 13 18 10 10  8 14] total slots 219 -- Fitness 511.8970040527995 Km 427.8970040527995 slot diff 14
, Individuo [18 12 21 14 20 11 10 10 15 13 13 18 10 10  8 14] total slots 217 -- Fitness 515.1093835669483 Km 443.1093835669483 slot diff 12
, Individuo [14 20 15 12 11 14 13 11 12 14 16 25  5 13 17 11] total slots 223 -- Fitness 516.6044633882123 Km 408.60446338821225 slot diff 18
, Individuo [14 20 15 12 11 14 13 11 12 14 16 25  6 14 17 11] total slots 225 -- Fitness 523.0600430627496 Km 403.0600430627496 slot diff 20
, Individuo [24 10 14 14 14 12  8 15 10 19 15 16 12 11 13 13] total slots 220 -- Fitness 525.1303538759587 Km 435.1303538759587 slot diff 15
, Individuo [32 10 15 12 14 13 15 12 10  9 14 20 12 11 11 10] total slots 220 -- Fitness 538.5734593372727 Km 448.57345933727265 slot diff 15
, Individuo [19 18 14 11 15 11 11 10 11 19 14 13  6 14 18 16] total slots 220 -- Fitness 542.215691844021 Km 452.21569184402097 slot diff 15
, Individuo [25 19  6 19 14 12 12 12 11 19 15 16 12 11 13 14] total slots 230 -- Fitness 547.3334904802196 Km 397.33349048021955 slot diff 25
, Individuo [33 11 10 13 12 16 14 10 15 13 13 18 10 10  8 14] total slots 220 -- Fitness 548.2709125966701 Km 458.2709125966701 slot diff 15
, Individuo [25 20  6 19 14 12 12 12 12 19 15 16 12 11 13 13] total slots 231 -- Fitness 549.9008323155573 Km 393.9008323155573 slot diff 26
, Individuo [28 11 10 13 14  9 18 13 12 10 15 15 11 11 16 14] total slots 220 -- Fitness 550.5637293983427 Km 460.56372939834273 slot diff 15
, Individuo [21 14 14 14 15 11 14 11 12 13 15 10 15 13 11 17] total slots 220 -- Fitness 552.4134597041725 Km 462.4134597041725 slot diff 15
, Individuo [21 14 14 14 15 11 14 11 11 11 17 12 17 20 14 11] total slots 227 -- Fitness 554.0437140321859 Km 422.0437140321859 slot diff 22
, Individuo [28 14 21  9 14 13 13 12 13 10  8 18  8  9 13 17] total slots 220 -- Fitness 558.8155028433841 Km 468.81550284338414 slot diff 15
, Individuo [21 14 14 14 15 11 14 12 10 11 17 12 17 20 14 11] total slots 227 -- Fitness 559.407944457161 Km 427.40794445716097 slot diff 22
, Individuo [22 18 15 11 20  9 12 13 12 20 17 14 10 14 13 19] total slots 239 -- Fitness 559.5192783675259 Km 355.5192783675259 slot diff 34
, Individuo [22 18 15 11 20  8 11 13 12 21 17 16 10 15 13 19] total slots 241 -- Fitness 560.1556307344066 Km 344.1556307344066 slot diff 36
, Individuo [30 17 16 14 14 14 13  7  9 11 13 14 11  5 23  9] total slots 220 -- Fitness 561.6933180023233 Km 471.6933180023233 slot diff 15
, Individuo [19 16 19 12  7 17 13 16 13 15 11 20 10 16  9 15] total slots 228 -- Fitness 572.2311019366887 Km 434.2311019366887 slot diff 23
, Individuo [20 16 19 12  7 17 13 15 13 15 11 19  9 16  9 15] total slots 226 -- Fitness 572.5454979631436 Km 446.5454979631436 slot diff 21
, Individuo [27 14 14 12 13 13 13 15  8 12 18 11  9 17 12 12] total slots 220 -- Fitness 574.2147440211999 Km 484.21474402119986 slot diff 15
, Individuo [22 12 13 14  8 12 17 12 16 11 13 13 17 11 16 13] total slots 220 -- Fitness 575.1488430035242 Km 485.14884300352423 slot diff 15
, Individuo [18 12 21 14 20 11 10 12  8  4 23 14 19 10 11 11] total slots 218 -- Fitness 575.5647320366488 Km 497.5647320366488 slot diff 13

chc  100s alpha = 5 poblacion = 30

[Individuo [18 12 17 14 20 10 10 12 12 14 18 26  6 13 17 14] total slots 233 -- Fitness 416.9169917575468 Km 276.9169917575468 slot diff 28
, Individuo [18 12 17 14 20 10 10 12 12 14 18 26  6 13 17 14] total slots 233 -- Fitness 416.9169917575468 Km 276.9169917575468 slot diff 28
, Individuo [18 12 17 14 20 10 10 12 12 14 18 26  6 13 17 14] total slots 233 -- Fitness 416.9169917575468 Km 276.9169917575468 slot diff 28
, Individuo [18 12 17 14 20 10 10 12 12 14 18 26  6 13 17 14] total slots 233 -- Fitness 416.9169917575468 Km 276.9169917575468 slot diff 28
, Individuo [18 12 17 14 20 10 10 12 12 14 18 26  6 13 17 14] total slots 233 -- Fitness 416.9169917575468 Km 276.9169917575468 slot diff 28
, Individuo [18 12 17 14 20 10 10 12 12 14 18 26  6 13 17 14] total slots 233 -- Fitness 416.9169917575468 Km 276.9169917575468 slot diff 28
, Individuo [18 12 17 14 20 10 10 12 12 14 18 26  6 13 17 14] total slots 233 -- Fitness 416.9169917575468 Km 276.9169917575468 slot diff 28
, Individuo [18 12 17 14 20 10 11 12 12 14 18 26  6 13 17 14] total slots 234 -- Fitness 416.9333666370422 Km 271.9333666370422 slot diff 29
, Individuo [18 12 17 14 20 10 12 12 12 14 18 26  6 13 17 14] total slots 235 -- Fitness 416.94974151653764 Km 266.94974151653764 slot diff 30
, Individuo [18 12 17 14 20 10 10 12 12 14 18 27  6 13 17 14] total slots 234 -- Fitness 417.7304918956599 Km 272.7304918956599 slot diff 29
, Individuo [18 12 17 14 20 10 10 12 12 14 18 27  6 13 17 14] total slots 234 -- Fitness 417.7304918956599 Km 272.7304918956599 slot diff 29
, Individuo [18 12 17 14 20 10 10 13 12 14 18 26  6 13 17 14] total slots 234 -- Fitness 419.9638648101759 Km 274.9638648101759 slot diff 29
, Individuo [18 12 17 14 20 10 10 13 12 14 18 26  6 13 17 14] total slots 234 -- Fitness 419.9638648101759 Km 274.9638648101759 slot diff 29
, Individuo [18 12 17 14 20 10  9 13 12 14 18 26  6 13 17 14] total slots 233 -- Fitness 420.5201740435786 Km 280.5201740435786 slot diff 28
, Individuo [18 12 17 14 20 10 13 13 10 14 18 26  6 13 17 14] total slots 235 -- Fitness 423.01268831235313 Km 273.01268831235313 slot diff 30
, Individuo [18 12 17 14 20 10 13 13 10 14 18 26  6 13 17 14] total slots 235 -- Fitness 423.01268831235313 Km 273.01268831235313 slot diff 30
, Individuo [18 12 17 14 20 10  8 13 12 14 18 26  6 13 17 14] total slots 232 -- Fitness 423.11270895568225 Km 288.11270895568225 slot diff 27
, Individuo [18 12 17 14 20 10 10 12 12 14 18 26  8 13 19 14] total slots 237 -- Fitness 423.49755221021917 Km 263.49755221021917 slot diff 32
, Individuo [18 12 17 15 20 10  8 12 12 14 20 27  6 13 17 14] total slots 235 -- Fitness 424.3614393893068 Km 274.3614393893068 slot diff 30
, Individuo [18 12 17 15 20 10  8 12 12 14 20 27  6 13 17 14] total slots 235 -- Fitness 424.3614393893068 Km 274.3614393893068 slot diff 30
, Individuo [18 12 17 14 20 10 10 13 12 14 20 27  6 13 17 14] total slots 237 -- Fitness 424.7680586006256 Km 264.7680586006256 slot diff 32
, Individuo [18 12 17 14 20 10 10 13 12 14 20 27  6 13 17 14] total slots 237 -- Fitness 424.7680586006256 Km 264.7680586006256 slot diff 32
, Individuo [18 12 17 14 20 10 10 13 12 14 20 27  6 13 17 14] total slots 237 -- Fitness 424.7680586006256 Km 264.7680586006256 slot diff 32
, Individuo [18 12 17 14 20 10 10 13 12 14 20 28  6 13 17 14] total slots 238 -- Fitness 425.92297590603647 Km 260.92297590603647 slot diff 33
, Individuo [18 12 17 14 20 10 10 13 12 14 21 26  6 13 17 14] total slots 237 -- Fitness 425.94990528868067 Km 265.94990528868067 slot diff 32
, Individuo [18 12 17 15 20 10  9 13 12 14 20 27  6 13 17 14] total slots 237 -- Fitness 426.9709691955021 Km 266.9709691955021 slot diff 32
, Individuo [18 12 17 14 20 10 10 13 12 14 20 27  7 13 17 14] total slots 238 -- Fitness 427.4994552988953 Km 262.4994552988953 slot diff 33
, Individuo [18 12 17 15 20 10  8 13 12 14 20 27  6 13 17 14] total slots 236 -- Fitness 427.52727842890476 Km 272.52727842890476 slot diff 31
, Individuo [18 12 17 15 20 10 10 13 12 14 20 27  6 13 17 14] total slots 238 -- Fitness 427.94196124044066 Km 262.94196124044066 slot diff 33
, Individuo [18 12 17 14 20 10 10 12 10 14 18 26  6 13 17 14] total slots 231 -- Fitness 428.1253530485799 Km 298.1253530485799 slot diff 26

chc  100s alpha = 5.5 poblacion = 30

[Individuo [18 12 19 14 20 10 10 12 12 14 18 25  6 13 17 13] total slots 233 -- Fitness 430.1650164367538 Km 276.1650164367538 slot diff 28
, Individuo [18 12 19 14 20 10 10 12 12 14 18 25  6 13 17 13] total slots 233 -- Fitness 430.1650164367538 Km 276.1650164367538 slot diff 28
, Individuo [18 12 19 14 20 10 10 12 12 14 18 25  6 13 17 13] total slots 233 -- Fitness 430.1650164367538 Km 276.1650164367538 slot diff 28
, Individuo [18 12 19 14 20 10 10 12 12 14 18 25  6 13 17 13] total slots 233 -- Fitness 430.1650164367538 Km 276.1650164367538 slot diff 28
, Individuo [18 12 19 14 20 10 10 12 12 14 18 25  6 13 17 13] total slots 233 -- Fitness 430.1650164367538 Km 276.1650164367538 slot diff 28
, Individuo [18 12 19 14 20 10 10 12 12 15 18 25  6 13 17 13] total slots 234 -- Fitness 431.36764395897274 Km 271.86764395897274 slot diff 29
, Individuo [18 12 19 14 21 11 10 12 12 14 18 25  6 13 17 13] total slots 235 -- Fitness 436.42910163089033 Km 271.42910163089033 slot diff 30
, Individuo [18 12 19 20 13 11 19 12 12 14 18 25  6 13 17 13] total slots 242 -- Fitness 461.54614641770036 Km 258.04614641770036 slot diff 37
, Individuo [20 14 19 20 13 11 18 12 12 14 18 25  6 13 17 13] total slots 245 -- Fitness 466.4320175751733 Km 246.4320175751733 slot diff 40
, Individuo [30 13 14 15 12 13 10 13 12 14 18 25  6 13 17 13] total slots 238 -- Fitness 488.8081741149584 Km 307.3081741149584 slot diff 33
, Individuo [30 13 15 15 12 13 10 12 12 14 18 25  6 13 17 13] total slots 238 -- Fitness 488.9828692761192 Km 307.4828692761192 slot diff 33
, Individuo [31 11 15 15 12 10 12 14 13 15 19 25  6 13 17 13] total slots 241 -- Fitness 494.15542044559163 Km 296.15542044559163 slot diff 36
, Individuo [31 11 17 16 12 10 12 14 12 14 18 25  6 13 17 13] total slots 241 -- Fitness 494.2649019819552 Km 296.2649019819552 slot diff 36
, Individuo [28  8 15 20 13 11 18 12 12 14 18 25  6 13 17 13] total slots 243 -- Fitness 496.4994720198158 Km 287.4994720198158 slot diff 38
, Individuo [28  8 15 20 13 11 18 12 12 14 18 25  6 13 17 13] total slots 243 -- Fitness 496.4994720198158 Km 287.4994720198158 slot diff 38
, Individuo [18 12 19 14 20 10 10 12 12 14 18 15 19 12 11 13] total slots 229 -- Fitness 496.72355003525263 Km 364.72355003525263 slot diff 24
, Individuo [18 12 19 14 20 10 10 12 12 14 18 15 19 12 11 13] total slots 229 -- Fitness 496.72355003525263 Km 364.72355003525263 slot diff 24
, Individuo [18 12 19 14 20 10 10 12 12 14 18 15 20 12 11 13] total slots 230 -- Fitness 497.5707354068258 Km 360.0707354068258 slot diff 25
, Individuo [19 12 19 14 20 10 10 12 12 15 18 15 19 12 11 13] total slots 231 -- Fitness 498.19536287422284 Km 355.19536287422284 slot diff 26
, Individuo [28  9 15 20 14 11 12 14 13 15 19 25  6 13 17 13] total slots 244 -- Fitness 500.6782458171528 Km 286.1782458171528 slot diff 39
, Individuo [28  8 15 20 13 11 12 14 14 15 19 25  6 13 17 13] total slots 243 -- Fitness 501.0870561272546 Km 292.0870561272546 slot diff 38
, Individuo [18 12 19 14 20 11 10 12 16 13 12 15 16 11 13 14] total slots 226 -- Fitness 504.8443533607743 Km 389.3443533607743 slot diff 21
, Individuo [18 12 19 14 20 10 10 12 16 13 12 15 16 12 13 14] total slots 226 -- Fitness 505.1497095493493 Km 389.6497095493493 slot diff 21
, Individuo [18 12 22 14 20 10 10 13 16 13 12 15 16 11 13 14] total slots 229 -- Fitness 505.2578069442627 Km 373.2578069442627 slot diff 24
, Individuo [18 12 22 15 20 10 10 15 17 15 13 12  9 12 11 13] total slots 224 -- Fitness 506.03242797857007 Km 401.53242797857007 slot diff 19
, Individuo [18 12 19 14 20 10 10 14 17 13 13 15 16 11 13 14] total slots 229 -- Fitness 506.1633339689641 Km 374.1633339689641 slot diff 24
, Individuo [18 12 19 14 20 10 10 12 16 13 12 15 16 11 13 14] total slots 225 -- Fitness 506.174502931633 Km 396.174502931633 slot diff 20
, Individuo [29  7 14  9 12 17 10 12 12 14 18 25  6 13 17 13] total slots 228 -- Fitness 508.4184089886913 Km 381.9184089886913 slot diff 23
, Individuo [25 10 12 15 16 11 14  8 14 14 13 15 11 16 13 13] total slots 220 -- Fitness 509.2435392690448 Km 426.7435392690448 slot diff 15
, Individuo [21 13 14 14 19  9 12 16 16 13 12 15 16 11 13 14] total slots 228 -- Fitness 511.8379701809973 Km 385.3379701809973 slot diff 23

chc  100s alpha = 5 poblacion = 30

[Individuo [20 12 21 17 18 13 12 12 10 14 18 25  4 12 11 14] total slots 233 -- Fitness 416.8807826972063 Km 276.8807826972063 slot diff 28
, Individuo [20 12 21 17 18 13 12 12 10 14 18 25  4 12 11 14] total slots 233 -- Fitness 416.8807826972063 Km 276.8807826972063 slot diff 28
, Individuo [20 12 21 17 18 13 12 12 10 14 18 25  4 12 11 14] total slots 233 -- Fitness 416.8807826972063 Km 276.8807826972063 slot diff 28
, Individuo [20 12 21 17 18 13 12 12 10 14 18 25  4 12 11 14] total slots 233 -- Fitness 416.8807826972063 Km 276.8807826972063 slot diff 28
, Individuo [20 12 21 17 18 13 12 12 10 14 18 25  4 12 11 14] total slots 233 -- Fitness 416.8807826972063 Km 276.8807826972063 slot diff 28
, Individuo [20 12 21 17 18 13 12 12 10 14 18 25  4 12 11 14] total slots 233 -- Fitness 416.8807826972063 Km 276.8807826972063 slot diff 28
, Individuo [20 12 21 17 18 13 12 12 10 14 18 25  4 13 11 14] total slots 234 -- Fitness 418.82200830451507 Km 273.82200830451507 slot diff 29
, Individuo [20 12 21 17 18 13 13 12 11 13 17 25  4 12 11 14] total slots 233 -- Fitness 424.5975357758541 Km 284.5975357758541 slot diff 28
, Individuo [20 12 22 18 18 13 13 12 10 14 18 25  4 12 11 14] total slots 236 -- Fitness 426.28467983210834 Km 271.28467983210834 slot diff 31
, Individuo [20 12 21 17 18 13 13 12 11 13 17 25  4 12 11 15] total slots 234 -- Fitness 427.3236946093592 Km 282.3236946093592 slot diff 29
, Individuo [20 12 21 17 18 13 13 12 12 14 18 26  4 12 11 14] total slots 237 -- Fitness 432.7440991210386 Km 272.7440991210386 slot diff 32
, Individuo [21 12 21 18 19 13 13 12 10 14 18 26  4 12 11 14] total slots 238 -- Fitness 433.4783092632701 Km 268.4783092632701 slot diff 33
, Individuo [20 12 22 18 18 13 13 12 12 14 18 25  5 13 11 14] total slots 240 -- Fitness 446.26568008734785 Km 271.26568008734785 slot diff 35
, Individuo [20 12 21 17 18 13 13 12 15 16 12 25  4 12 11 14] total slots 235 -- Fitness 446.833058834142 Km 296.833058834142 slot diff 30
, Individuo [20 12 21 17 12 12 21 16 10 14 18 25  4 12 11 14] total slots 239 -- Fitness 459.0386007106281 Km 289.0386007106281 slot diff 34
, Individuo [20 12 21 17 12 12 21 16 10 14 18 25  4 12 11 14] total slots 239 -- Fitness 459.0386007106281 Km 289.0386007106281 slot diff 34
, Individuo [20 12 21 17 18 13 12 12 10 14 18 17  9  7 15 14] total slots 229 -- Fitness 460.2234346808718 Km 340.2234346808718 slot diff 24
, Individuo [20 12 21 17 18 13 12 12 10 14 18 17  9  7 15 14] total slots 229 -- Fitness 460.2234346808718 Km 340.2234346808718 slot diff 24
, Individuo [20 12 21 18 12 12 21 16 10 14 18 25  4 12 11 14] total slots 240 -- Fitness 461.1844746002267 Km 286.1844746002267 slot diff 35
, Individuo [20 12 21 17 12 12 21 17 10 14 18 25  4 12 11 14] total slots 240 -- Fitness 461.5869701966453 Km 286.5869701966453 slot diff 35
, Individuo [20 12 21 17 18 13 13 12 15 19 13 25  4 12 11 14] total slots 239 -- Fitness 463.6128935610752 Km 293.6128935610752 slot diff 34
, Individuo [20 12 21 17 18 13 13 12 11 13 17 16 10  7 16 14] total slots 230 -- Fitness 464.39192624959514 Km 339.39192624959514 slot diff 25
, Individuo [20 12 21 17 18 13 12 12 10 15 19 16  9  7 15 14] total slots 230 -- Fitness 464.70891498160086 Km 339.70891498160086 slot diff 25
, Individuo [20 12 21 17 18 13 12 10 11 12 18 16 10  8 16 14] total slots 228 -- Fitness 465.2614822598369 Km 350.2614822598369 slot diff 23
, Individuo [20 12 21 17 18 13 12 12 10 14 18 16  9  7 15 14] total slots 228 -- Fitness 465.680891908017 Km 350.680891908017 slot diff 23
, Individuo [20 12 21 17 18 13 12 12 11 12 18 16 10  7 16 14] total slots 229 -- Fitness 466.358997634662 Km 346.358997634662 slot diff 24
, Individuo [20 12 21 17 18 13 13 12 11 13 17 16  9  7 15 14] total slots 228 -- Fitness 467.54227854660945 Km 352.54227854660945 slot diff 23
, Individuo [20 12 21 17 18 13 13 12 15 16 12 17  9  8 11 10] total slots 224 -- Fitness 470.53364861886865 Km 375.53364861886865 slot diff 19
, Individuo [20 12 21 17 18 13 12 17 19 15 17 25  4 12 11 14] total slots 247 -- Fitness 472.3534749041421 Km 262.3534749041421 slot diff 42
, Individuo [33 11 11 18 12 13 16 10 10 14 18 26  4 12 11 14] total slots 233 -- Fitness 474.4576110658593 Km 334.4576110658593 slot diff 28


semilla = 32148756

chc  100s alpha = 5 poblacion = 30
[Individuo [18 12 17 14 20 10 10 12 12 14 18 26  6 15 15 14] total slots 233 -- Fitness 417.7704279274692 Km 277.7704279274692 slot diff 28
, Individuo [18 12 17 14 20 10 10 12 12 14 18 26  6 15 15 14] total slots 233 -- Fitness 417.7704279274692 Km 277.7704279274692 slot diff 28
, Individuo [18 12 17 14 20 10 10 12 12 14 18 26  6 15 15 14] total slots 233 -- Fitness 417.7704279274692 Km 277.7704279274692 slot diff 28
, Individuo [18 12 17 14 20 10 10 12 12 14 18 26  6 15 15 14] total slots 233 -- Fitness 417.7704279274692 Km 277.7704279274692 slot diff 28
, Individuo [18 12 17 14 20 10 10 12 12 14 18 26  6 15 15 14] total slots 233 -- Fitness 417.7704279274692 Km 277.7704279274692 slot diff 28
, Individuo [18 12 17 14 20 10 10 15 12 14 18 26  6 15 15 14] total slots 236 -- Fitness 428.55731435066684 Km 273.55731435066684 slot diff 31
, Individuo [18 12 17 14 20 10 10 15 12 14 18 26  6 15 16 14] total slots 237 -- Fitness 429.4555350594795 Km 269.4555350594795 slot diff 32
, Individuo [20 11 16 12 20 10 10 12 12 14 18 26  6 15 15 14] total slots 231 -- Fitness 443.23668694681146 Km 313.23668694681146 slot diff 26
, Individuo [20 11 16 12 20 10 10 12 12 14 18 26  6 15 15 14] total slots 231 -- Fitness 443.23668694681146 Km 313.23668694681146 slot diff 26
, Individuo [20 11 16 12 20 10 10 12 12 14 18 26  6 15 15 14] total slots 231 -- Fitness 443.23668694681146 Km 313.23668694681146 slot diff 26
, Individuo [20 11 16 12 20 10 10 12 12 14 18 26  6 15 15 14] total slots 231 -- Fitness 443.23668694681146 Km 313.23668694681146 slot diff 26
, Individuo [18 12 17 14 20 10 10 12 12 14 18 26 14 14 16 12] total slots 239 -- Fitness 446.0720983187306 Km 276.0720983187306 slot diff 34
, Individuo [18 12 17 14 20 10 10 12 12 14 18 27 14 14 16 12] total slots 240 -- Fitness 450.70001496843844 Km 275.70001496843844 slot diff 35
, Individuo [20 11 16 12 18 11 13 15 13 14 18 26  6 15 15 14] total slots 237 -- Fitness 453.4076916908348 Km 293.4076916908348 slot diff 32
, Individuo [21 11 16 12 18 11 13 15 12 14 18 26  6 15 15 14] total slots 237 -- Fitness 454.6422584859945 Km 294.6422584859945 slot diff 32
, Individuo [23 14 13 14 13 13 10 13 12 14 18 26  6 15 15 14] total slots 233 -- Fitness 454.939018172631 Km 314.939018172631 slot diff 28
, Individuo [23 14 13 14 13 13 10 13 12 14 18 26  6 15 15 14] total slots 233 -- Fitness 454.939018172631 Km 314.939018172631 slot diff 28
, Individuo [20 11 16 13 19 18  8 14 12 14 18 26  6 15 15 14] total slots 239 -- Fitness 455.36761291212656 Km 285.36761291212656 slot diff 34
, Individuo [20 11 17 13 12 14 14 15 12 14 18 26  6 16 15 14] total slots 237 -- Fitness 457.92692834467726 Km 297.92692834467726 slot diff 32
, Individuo [23 14 13 14 20 10 11 12 12 14 18 26  6 15 15 14] total slots 237 -- Fitness 461.25536695599646 Km 301.25536695599646 slot diff 32
, Individuo [20 11 16 13 13 14 14 15 12 14 18 26  6 16 15 14] total slots 237 -- Fitness 463.2099494338663 Km 303.2099494338663 slot diff 32
, Individuo [20 11 16 12 19 18  8 13 12 14 18 27  6 15 15 14] total slots 238 -- Fitness 464.9440193469717 Km 299.9440193469717 slot diff 33
, Individuo [23 14 13 13 18 11 13 15 12 14 18 26  6 16 15 14] total slots 241 -- Fitness 465.40246902701665 Km 285.40246902701665 slot diff 36
, Individuo [20 11 16 12 19 19  8 13 12 14 18 26  6 15 15 14] total slots 238 -- Fitness 465.9477666529115 Km 300.9477666529115 slot diff 33
, Individuo [23 14 13 13 18 11 13 15 12 14 18 26  6 18 15 14] total slots 243 -- Fitness 469.73607885553 Km 279.73607885553 slot diff 38
, Individuo [24 15 13 14 20 10 10 12 12 14 18 26  6 15 15 14] total slots 238 -- Fitness 470.3773796257068 Km 305.3773796257068 slot diff 33
, Individuo [22 12 21 10 18 11 13 15 12 14 18 26  6 15 15 14] total slots 242 -- Fitness 471.381737685615 Km 286.381737685615 slot diff 37
, Individuo [18 15 20 11 12 14 14 15 12 14 18 26  6 16 15 14] total slots 240 -- Fitness 471.9387762033089 Km 296.9387762033089 slot diff 35
, Individuo [22 12 21 10 18 11 14 15 12 14 18 26  6 15 15 14] total slots 243 -- Fitness 472.02529401763314 Km 282.02529401763314 slot diff 38
, Individuo [25 16 11 12 13 13 10 13 12 14 18 26  6 15 15 14] total slots 233 -- Fitness 472.3112247981546 Km 332.3112247981546 slot diff 28


gentico 100s alpha = 6 poblacion = 30 elite = 5


Individuo [20 12 20 17 17 11 12 13 10 14 18 25  5 17  6 16] total slots 233 -- Fitness 423.0953493173109 Km 283.0953493173109 slot diff 28
, Individuo [20 12 20 17 17 11 12 13 10 14 18 25  5 17  6 16] total slots 233 -- Fitness 423.0953493173109 Km 283.0953493173109 slot diff 28
, Individuo [20 12 20 17 17 11 12 13 10 14 18 25  5 17  6 16] total slots 233 -- Fitness 423.0953493173109 Km 283.0953493173109 slot diff 28
, Individuo [20 12 20 17 17 11 12 13 10 14 18 25  5 17  6 16] total slots 233 -- Fitness 423.0953493173109 Km 283.0953493173109 slot diff 28
, Individuo [20 12 20 17 17 11 12 13 10 14 18 25  5 17  6 16] total slots 233 -- Fitness 423.0953493173109 Km 283.0953493173109 slot diff 28
, Individuo [ 9 12 23 17 17 11 12 13 10 14 18 25 16 17  6 16] total slots 236 -- Fitness 423.0953493173109 Km 268.0953493173109 slot diff 31
, Individuo [20 12 32 17 17 11 12 13 10 31 18 25  5 17  6 16] total slots 262 -- Fitness 423.0953493173109 Km 138.09534931731088 slot diff 57
, Individuo [17 12 20 17 19 11 12 13 10 14 18 25  5 17  6 16] total slots 232 -- Fitness 423.0953493173109 Km 288.0953493173109 slot diff 27
, Individuo [20 12 20 17 17 11 12 13 10 14 16 25  5 17  6 16] total slots 231 -- Fitness 423.0953493173109 Km 293.0953493173109 slot diff 26
, Individuo [20 26 20 17 17 11 12 13 10 10 18 25 16 17  6 16] total slots 254 -- Fitness 423.0953493173109 Km 178.09534931731088 slot diff 49
, Individuo [10 12 20 17 17 11 12 13 10 14 18 25  5 17  6 16] total slots 223 -- Fitness 423.0953493173109 Km 333.0953493173109 slot diff 18
, Individuo [20 12 20 17 17 11 18 13 10 14 19 25  5 17  6 16] total slots 240 -- Fitness 453.83263156742635 Km 278.83263156742635 slot diff 35
, Individuo [12 12 10 17 17 11  8 13 10 14 18 25  5 17  6 16] total slots 211 -- Fitness 470.1116177459492 Km 440.1116177459492 slot diff 6
, Individuo [26 30 20 31 17 11  8 13 10 14 18 25  5 17  6 16] total slots 267 -- Fitness 470.1116177459492 Km 160.11161774594922 slot diff 62
, Individuo [12 12 34 17 25 11  8 13 10 14 18 25  5 17  6 16] total slots 243 -- Fitness 470.1116177459492 Km 280.1116177459492 slot diff 38
, Individuo [20 12 21 17 25 11 12 13 15 25 18 25  5 17  6 16] total slots 258 -- Fitness 487.9947050877499 Km 222.99470508774988 slot diff 53
, Individuo [20 12 20 17  8 11 12 19 15 14 34 25  5 17  6 16] total slots 251 -- Fitness 487.9947050877499 Km 257.9947050877499 slot diff 46
, Individuo [20 12  6 17  8 11 12 13 15 14 18 25  5 17  6 16] total slots 215 -- Fitness 487.9947050877499 Km 437.9947050877499 slot diff 10
, Individuo [20 12  9 17 17 11  9 13  5  5 15 25 14 34  6 16] total slots 228 -- Fitness 513.9374759700235 Km 398.93747597002346 slot diff 23
, Individuo [20 12  9 17 17 11  9 33 10 14 25 25 14 34  6 16] total slots 272 -- Fitness 513.9374759700235 Km 178.93747597002346 slot diff 67
, Individuo [20 12 20 17 17 11 28 13 16 14 18 25 27 17 15 16] total slots 286 -- Fitness 517.4910832254986 Km 112.49108322549864 slot diff 81
, Individuo [16  6 20 17 17 11 23 13 10 14 18 18 15 17 22 16] total slots 253 -- Fitness 517.6983002306318 Km 277.69830023063184 slot diff 48
, Individuo [22  9 20 17 17 29 12 13 14 14 18 25  5 17  6 16] total slots 254 -- Fitness 519.79076556228 Km 274.79076556227994 slot diff 49
, Individuo [20 14 20 17 18 11 32 13 10 14 18 34  5 29  9 16] total slots 280 -- Fitness 537.9274119081182 Km 162.9274119081182 slot diff 75
, Individuo [20 12 20  6 24  7 17 26 10 14 18 25  5 10 30 16] total slots 260 -- Fitness 539.633050623116 Km 264.633050623116 slot diff 55
, Individuo [20 12 20 17 17 11 18 13 30 14 18 25  5 17 31 16] total slots 284 -- Fitness 552.6336294650141 Km 157.6336294650141 slot diff 79
, Individuo [20 12 20 17 17 11 18 13 11 13 31 25  5 17  6 16] total slots 252 -- Fitness 552.6336294650141 Km 317.6336294650141 slot diff 47
, Individuo [20 31 20 17 17 11 18 13 34 14 18 18  5 17  6 16] total slots 275 -- Fitness 552.6336294650141 Km 202.6336294650141 slot diff 70
, Individuo [20 12  7 17 33 11 17 21 10 14 18 25  5 10  9 16] total slots 245 -- Fitness 600.1846417881718 Km 400.1846417881718 slot diff 40
, Individuo [24 12 20 26 17 20 12 13 26 14 15 25 21 17  6 16] total slots 284 -- Fitness 632.902477956829 Km 237.902477956829 slot diff 79

chc  100s alpha = 5 poblacion = 30
[Individuo [19 12 19 14 19 10 10 12 12 14 18 25  6 13 17 13] total slots 233 -- Fitness 416.7418981677355 Km 276.7418981677355 slot diff 28
, Individuo [19 12 19 14 19 10 10 12 12 14 18 25  6 13 17 13] total slots 233 -- Fitness 416.7418981677355 Km 276.7418981677355 slot diff 28
, Individuo [19 12 19 14 19 10 10 12 12 14 18 25  6 13 17 13] total slots 233 -- Fitness 416.7418981677355 Km 276.7418981677355 slot diff 28
, Individuo [19 12 19 14 19 10 10 12 12 14 18 25  6 13 17 13] total slots 233 -- Fitness 416.7418981677355 Km 276.7418981677355 slot diff 28
, Individuo [19 12 19 14 19 10 10 12 12 14 18 25  6 13 17 13] total slots 233 -- Fitness 416.7418981677355 Km 276.7418981677355 slot diff 28
, Individuo [19 12 19 14 19 14 10 10 12 15 18 25  7 13 17 13] total slots 237 -- Fitness 430.0530365859604 Km 270.0530365859604 slot diff 32
, Individuo [19 12 19 14 19 11 16 12 12 14 18 25  6 13 17 13] total slots 240 -- Fitness 432.85014237921564 Km 257.85014237921564 slot diff 35
, Individuo [19 12 19 14 20 14 10 10 12 15 18 25  7 13 17 13] total slots 238 -- Fitness 434.15381683590596 Km 269.15381683590596 slot diff 33
, Individuo [19 12 19 14 14 11 10 12 12 14 18 25  7 13 17 13] total slots 230 -- Fitness 434.65641609149327 Km 309.65641609149327 slot diff 25
, Individuo [19 12 19 14 14 11 10 12 12 14 18 25  7 13 17 13] total slots 230 -- Fitness 434.65641609149327 Km 309.65641609149327 slot diff 25
, Individuo [19 12 19 14 19 14 10 10 12 15 18 25  8 13 17 13] total slots 238 -- Fitness 435.70551625288107 Km 270.70551625288107 slot diff 33
, Individuo [19 12 19 14 19 14 10 10 12 15 18 25  8 13 17 13] total slots 238 -- Fitness 435.70551625288107 Km 270.70551625288107 slot diff 33
, Individuo [20 12 22 14 14 11 10 12 12 14 18 25  7 13 17 13] total slots 234 -- Fitness 436.77916941939253 Km 291.77916941939253 slot diff 29
, Individuo [19 12 19 14 20 11 16 12 12 14 18 25  6 13 17 13] total slots 241 -- Fitness 436.9301069178883 Km 256.9301069178883 slot diff 36
, Individuo [19 12 19 14 14 10 10 12 12 14 18 25  6 13 17 13] total slots 228 -- Fitness 438.04820662289416 Km 323.04820662289416 slot diff 23
, Individuo [19 12 19 14 14 10 10 12 12 14 18 25  6 13 17 13] total slots 228 -- Fitness 438.04820662289416 Km 323.04820662289416 slot diff 23
, Individuo [19 12 19 14 14 11 10 12 12 14 18 25  8 13 17 13] total slots 231 -- Fitness 438.48834556526015 Km 308.48834556526015 slot diff 26
, Individuo [19 12 19 14 19 14 16 12 12 14 18 25  6 13 17 13] total slots 243 -- Fitness 440.923317523939 Km 250.92331752393898 slot diff 38
, Individuo [19 12 19 14 15 16 13 12 12 14 18 25  6 13 17 13] total slots 238 -- Fitness 442.36791519398184 Km 277.36791519398184 slot diff 33
, Individuo [19 12 19 14 15 16 13 12 12 14 18 25  6 13 17 13] total slots 238 -- Fitness 442.36791519398184 Km 277.36791519398184 slot diff 33
, Individuo [19 12 19 14 15 16 13 12 12 14 18 25  6 13 17 13] total slots 238 -- Fitness 442.36791519398184 Km 277.36791519398184 slot diff 33
, Individuo [19 12 19 14 15 16 13 12 12 14 18 25  6 13 17 13] total slots 238 -- Fitness 442.36791519398184 Km 277.36791519398184 slot diff 33
, Individuo [19 12 19 14 19 14 16 12 12 14 18 25  7 13 17 13] total slots 244 -- Fitness 442.39852485351304 Km 247.39852485351304 slot diff 39
, Individuo [20 12 22 14 15 14 10 10 12 15 18 25  7 13 17 13] total slots 237 -- Fitness 442.43744278565464 Km 282.43744278565464 slot diff 32
, Individuo [22 12 13 14 19 10 10 12 12 14 18 25  6 13 17 13] total slots 230 -- Fitness 443.5270493066785 Km 318.5270493066785 slot diff 25
, Individuo [22 12 13 14 19 10 10 12 12 14 18 25  6 13 17 13] total slots 230 -- Fitness 443.5270493066785 Km 318.5270493066785 slot diff 25
, Individuo [22 12 13 12 15 15 13 12 12 14 18 25  7 13 17 13] total slots 233 -- Fitness 445.19389099159145 Km 305.19389099159145 slot diff 28
, Individuo [19 12 19 14 19 11 10 19 12 14 18 25  7 13 17 13] total slots 242 -- Fitness 445.75594234926115 Km 260.75594234926115 slot diff 37
, Individuo [23 12 13 12 15 16 13 12 12 14 18 25  6 13 17 13] total slots 234 -- Fitness 445.81478200856253 Km 300.81478200856253 slot diff 29
, Individuo [19 12 19 14 20 11 10 19 12 14 18 25  6 13 17 13] total slots 242 -- Fitness 446.0472070583649 Km 261.0472070583649 slot diff 37

chc  1000s alpha = 5 poblacion = 30
[Individuo [18 12 19 14 20 13 10 12 12 14 18 26  3 11 19 12] total slots 233 -- Fitness 409.49634168165585 Km 269.49634168165585 slot diff 28
, Individuo [18 12 19 14 20 13 10 12 12 14 18 26  3 11 19 12] total slots 233 -- Fitness 409.49634168165585 Km 269.49634168165585 slot diff 28
, Individuo [18 12 19 14 20 13 10 12 12 14 18 26  3 11 19 12] total slots 233 -- Fitness 409.49634168165585 Km 269.49634168165585 slot diff 28
, Individuo [18 12 19 14 20 13 10 12 12 14 18 26  3 11 19 12] total slots 233 -- Fitness 409.49634168165585 Km 269.49634168165585 slot diff 28
, Individuo [18 12 19 14 20 13 10 12 12 14 18 26  3 11 19 12] total slots 233 -- Fitness 409.49634168165585 Km 269.49634168165585 slot diff 28
, Individuo [25 12 11 10 14 14 16 14 13 14 18 26  3 11 19 13] total slots 233 -- Fitness 469.2889614758236 Km 329.2889614758236 slot diff 28
, Individuo [24 16 14 16 14 12 11 19 13 14 18 26  3 11 19 13] total slots 243 -- Fitness 471.8240992752444 Km 281.8240992752444 slot diff 38
, Individuo [24 16 16 13 11 13 16 10 12 14 18 26  3 11 19 12] total slots 234 -- Fitness 472.51053240963677 Km 327.51053240963677 slot diff 29
, Individuo [25 12 11 10 14 15 17 15 12 14 18 26  3 11 19 12] total slots 234 -- Fitness 473.029157799416 Km 328.029157799416 slot diff 29
, Individuo [24 16 15 13 11 13 16 10 12 14 18 26  3 13 20 12] total slots 236 -- Fitness 473.7197779379579 Km 318.7197779379579 slot diff 31
, Individuo [25 16 14 16 14 12 11 19 13 14 18 26  3 11 19 13] total slots 244 -- Fitness 475.20684643420265 Km 280.20684643420265 slot diff 39
, Individuo [18 12 19 14 20 13 10 12 10 14 11 22 12 12 14 11] total slots 224 -- Fitness 475.223105487079 Km 380.223105487079 slot diff 19
, Individuo [18 12 20 14 20 13 10 12  9 14 11 22 12 12 14 11] total slots 224 -- Fitness 478.84528068655266 Km 383.84528068655266 slot diff 19
, Individuo [17 13  9 17 12 12 15 13 12 14 18 26  3 11 19 12] total slots 223 -- Fitness 482.22749729920804 Km 392.22749729920804 slot diff 18
, Individuo [25 14 16  9 12 18 15 11 12 14 18 26  3 11 19 12] total slots 235 -- Fitness 486.53309937150755 Km 336.53309937150755 slot diff 30
, Individuo [17 13  8 17 12 12 14 13 13 14 18 26  3 11 19 12] total slots 222 -- Fitness 488.9638328167657 Km 403.9638328167657 slot diff 17
, Individuo [25 10 12 10 11 17 17 15 12 14 18 26  6 11 19 12] total slots 235 -- Fitness 489.9550659755296 Km 339.9550659755296 slot diff 30
, Individuo [25 10 12 10 11 17 17 17 12 14 18 26  3 11 19 12] total slots 234 -- Fitness 490.82332575568233 Km 345.82332575568233 slot diff 29
, Individuo [25 14 16  9 13 19 15 11 12 14 18 26  3 11 19 12] total slots 237 -- Fitness 491.38681797405803 Km 331.38681797405803 slot diff 32
, Individuo [25 14 16  9 12 17 17 15 12 14 18 26  6 11 19 12] total slots 243 -- Fitness 498.4603420385069 Km 308.4603420385069 slot diff 38
, Individuo [27 15  9 10 13 11 11 10 12 14 18 26  4 11 19 12] total slots 222 -- Fitness 502.14291041675983 Km 417.14291041675983 slot diff 17
, Individuo [25 14 16  9 12 17 17 16 12 14 18 26  6 11 19 12] total slots 244 -- Fitness 504.98563229759003 Km 309.98563229759003 slot diff 39
, Individuo [27 15  9 10 13 11 11 10 12 14 18 26  3 11 19 12] total slots 221 -- Fitness 507.51558503206013 Km 427.51558503206013 slot diff 16
, Individuo [28  9 13 13 12 13 13 14  9 14 11 22 12 12 14 11] total slots 220 -- Fitness 508.78896428651166 Km 433.78896428651166 slot diff 15
, Individuo [23 15 15 13 12 12 18 12 16 15 15 16 12 13 13 10] total slots 230 -- Fitness 511.04920014078186 Km 386.04920014078186 slot diff 25
, Individuo [18  9 12 15 17 16 15 14 10 18 12 12 15 15 10 12] total slots 220 -- Fitness 521.1645865913245 Km 446.16458659132445 slot diff 15
, Individuo [23 15 16 13 12 12 18 12 16 15 13 16 12 13 13  8] total slots 227 -- Fitness 523.9543227844879 Km 413.9543227844879 slot diff 22
, Individuo [24 16 14 16 14 12 11 19  7  7 17 18  8 14 10 13] total slots 220 -- Fitness 528.5825865495933 Km 453.5825865495933 slot diff 15
, Individuo [27 17 15 11 13  8 15  5 13 11 12 20  5 19  9 20] total slots 220 -- Fitness 532.2540147930467 Km 457.25401479304674 slot diff 15
, Individuo [18 12 19 14 20 13 10 12 16 12 13 11 17  8 11 13] total slots 219 -- Fitness 532.3208228027211 Km 462.32082280272107 slot diff 14