 [18. 12. 20. 15. 19. 14.  9. 11. 11. 14. 13. 23.  3. 15. 10. 13.]  con coste ->  373.77827910895155 

[18. 12. 20. 15. 19. 14.  9. 11. 12. 14. 13. 24.  2. 12. 13. 12.]  con coste ->  372.63246098593015     220.0

Solucion BL  [17. 12. 20. 29. 20. 14.  9. 12. 12. 13. 12. 24.  2.  5.  7. 12.]  con coste ->  370.7772693703341     220.0 --- 400.4950683116913 seconds ---
Solucion BL  [17. 12. 21. 26. 20. 14.  9. 12. 11. 13. 12. 23.  2.  5. 10. 13.]  con coste ->  369.46960082652004     220.0 --- 776.9807069301605 seconds ---
Solucion BL  [16. 12. 21. 33. 20. 14.  9. 12. 11. 14. 12. 24.  2.  4.  3. 13.]  con coste ->  368.717566844342     220.0 --- 1465.9990379810333 seconds ---
Solucion BL  [16. 12. 21. 18. 20. 14.  9. 12. 11. 14. 12. 24.  2. 12. 10. 13.]  con coste ->  368.717566844342     220.0 --- 1467.1077432632446 seconds ---



Genetico


alpha = 4 10segundos 
Individuo [18 15 18 23 20 13 18 12 12 16 26 27  5  7 22 11] total slots 263 -- Fitness 392.55153624988475 Km 160.55153624988475 slot diff 58
, Individuo [18 15 18 23 30 13 18 12 12 16 26 27  5  7 22 11] total slots 273 -- Fitness 392.55153624988475 Km 120.55153624988475 slot diff 68
, Individuo [18 15 18 23 20 32 18 12 19 16 26 27  5  7 22 11] total slots 289 -- Fitness 392.55153624988475 Km 56.55153624988475 slot diff 84
, Individuo [18 15 18 23 20 13 18 12 12 16 26 27 21  7 22 11] total slots 279 -- Fitness 392.55153624988475 Km 96.55153624988475 slot diff 74
, Individuo [18 15 18 23 20 13 18 25 12 16 26 27  5  7 11 11] total slots 265 -- Fitness 392.55153624988475 Km 152.55153624988475 slot diff 60
, Individuo [18 15 18 21 20 13 18 12 12 16 26 27  5 29 22 11] total slots 283 -- Fitness 392.55153624988475 Km 80.55153624988475 slot diff 78
, Individuo [18 15 18 23 20 13 16 12 10 16 26 27  5  7 22 11] total slots 259 -- Fitness 392.59856296425005 Km 176.59856296425005 slot diff 54
, Individuo [18 15 18 23 20 13 18 12  8 16 26 27  5  7 22 11] total slots 259 -- Fitness 392.75471899035205 Km 176.75471899035205 slot diff 54
, Individuo [18 15 18 23 20 12 18 12  5 16 20 27  5  7 22 11] total slots 249 -- Fitness 392.75471899035205 Km 216.75471899035205 slot diff 44
, Individuo [18 15 18 23 20 13 18 12  8 16 26 27  5 31 22 11] total slots 283 -- Fitness 392.75471899035205 Km 80.75471899035205 slot diff 78


alpha = 4 20segundos 
[Individuo [20 12 20 19 18 14 17  9 10 18 27 24  7 23  7 14] total slots 259 -- Fitness 391.6882929259775 Km 175.68829292597752 slot diff 54
, Individuo [20 12 20 19 18 14 17  9 10 18 27 24  7 23  7 14] total slots 259 -- Fitness 391.6882929259775 Km 175.68829292597752 slot diff 54
, Individuo [20 12 20 19 18 14 17  9 10 18 27 24  7 23  7 14] total slots 259 -- Fitness 391.6882929259775 Km 175.68829292597752 slot diff 54
, Individuo [20 12 20 14 18 14 17  9 10 18 27  8  7 23  7 14] total slots 238 -- Fitness 391.6882929259775 Km 259.6882929259775 slot diff 33
, Individuo [20 12 20 19 18 14 17  6 10 18 27 24  7 23  7 14] total slots 256 -- Fitness 391.6882929259775 Km 187.68829292597752 slot diff 51
, Individuo [20 33 20 19 18 14 17  9 10 18 27 27  7 23  7 14] total slots 283 -- Fitness 391.6882929259775 Km 79.68829292597752 slot diff 78
, Individuo [20 12 20 19 18 14 17  9 10 16 27 24  7 23  7 14] total slots 257 -- Fitness 392.0687752475443 Km 184.0687752475443 slot diff 52
, Individuo [20 12 20 19 18 14 17  9 10 16 27 24  7 23  7 14] total slots 257 -- Fitness 392.0687752475443 Km 184.0687752475443 slot diff 52
, Individuo [20  8 20 19 18 14 17  9 10 16 27 28  7 23 31 14] total slots 281 -- Fitness 392.0687752475443 Km 88.0687752475443 slot diff 76
, Individuo [20 12 20 19 18 14 17  9 10 16 27 24 11 23  7 14] total slots 261 -- Fitness 392.0687752475443 Km 168.0687752475443 slot diff 56
, Individuo [15 12 24 19 18 14 17  9 10 18 27 24  7 23  7 14] total slots 258 -- Fitness 399.59791275477323 Km 187.59791275477323 slot diff 53
, Individuo [15 12 20 19 18 15 19  9 10 18 27 24  7 28  7 14] total slots 262 -- Fitness 399.59791275477323 Km 171.59791275477323 slot diff 57
, Individuo [20 12 20 23 18 14 17  9  7 18 13 24  7 23  7 14] total slots 246 -- Fitness 403.03367554527483 Km 239.03367554527483 slot diff 41

alpha = 4 100segundos 
Individuo [19 14 20 16 18 12 18 15  9 21 20 28  6 11 19 11] total slots 257 -- Fitness 382.1669169541528 Km 174.16691695415278 slot diff 52
, Individuo [19 14 20 16 18 12 18 15  9 21 20 28  6 11 19 11] total slots 257 -- Fitness 382.1669169541528 Km 174.16691695415278 slot diff 52
, Individuo [19 14 20 16 18 12 18 15  9 21 20 28  6 11 19 11] total slots 257 -- Fitness 382.1669169541528 Km 174.16691695415278 slot diff 52
, Individuo [19 14 20 16 18 12 18 15  9 21 20 28  6 11 19 11] total slots 257 -- Fitness 382.1669169541528 Km 174.16691695415278 slot diff 52
, Individuo [19 14 20 16 18 12 18 15  9 21 20 28  6 11 19 11] total slots 257 -- Fitness 382.1669169541528 Km 174.16691695415278 slot diff 52
, Individuo [17 14 20 16 18 12 18 20  9 21 20 20  6 11 19 11] total slots 252 -- Fitness 382.1669169541528 Km 194.16691695415278 slot diff 47
, Individuo [19 14 20 16 26 12 18 24  9 21 20 28  6 24 19 11] total slots 287 -- Fitness 382.1669169541528 Km 54.16691695415278 slot diff 82
, Individuo [32 14 20 16 18 12 18 15  9 21 20 28  6 11 19 11] total slots 270 -- Fitness 382.1669169541528 Km 122.16691695415278 slot diff 65
, Individuo [19 14 20 16 18 12 18 29  9 21 20 18  6 11 19 11] total slots 261 -- Fitness 382.1669169541528 Km 158.16691695415278 slot diff 56
, Individuo [19 14 20 16 18 23 18 15  9 21 20 28  6 11 19 11] total slots 268 -- Fitness 382.1669169541528 Km 130.16691695415278 slot diff 63
, Individuo [19 14 20 29 25 14 18 15  9 21 20 28  6 11 19 11] total slots 279 -- Fitness 382.1669169541528 Km 86.16691695415278 slot diff 74


alpha = 4 500segundos 
Individuo [17 12 23 14 18 12 19 13  8 17 24 33  5  9 21 12] total slots 257 -- Fitness 374.1825609779488 Km 166.1825609779488 slot diff 52
, Individuo [17 12 23 14 18 12 19 13  8 17 24 33  5  9 21 12] total slots 257 -- Fitness 374.1825609779488 Km 166.1825609779488 slot diff 52
, Individuo [17 12 23 14 18 12 19 13  8 17 24 33  5  9 21 12] total slots 257 -- Fitness 374.1825609779488 Km 166.1825609779488 slot diff 52
, Individuo [17 12 23 14 18 12 19 13  8 17 24 33  5  9 21 12] total slots 257 -- Fitness 374.1825609779488 Km 166.1825609779488 slot diff 52
, Individuo [17 12 23 14 18 12 19 13  8 17 24 33  5  9 21 12] total slots 257 -- Fitness 374.1825609779488 Km 166.1825609779488 slot diff 52
, Individuo [17 12 23 14 18 12 19 15  8 17 24 16  5  9 21 12] total slots 242 -- Fitness 374.1825609779488 Km 226.1825609779488 slot diff 37
, Individuo [17 12 23 14 18 12 19 32  8 17 24 19  5  9 21 12] total slots 262 -- Fitness 374.1825609779488 Km 146.1825609779488 slot diff 57
, Individuo [17 12 23 14 18 12 33 13  8 17 24 33  5 27 21 12] total slots 289 -- Fitness 374.1825609779488 Km 38.18256097794881 slot diff 84
, Individuo [17 12 23 14 18 12  7 13  8 17 24 33  5  9 14 12] total slots 238 -- Fitness 374.1825609779488 Km 242.1825609779488 slot diff 33
, Individuo [17 12 23 14 18 12 19 13  8 17 24 33 14  9 21 12] total slots 266 -- Fitness 374.1825609779488 Km 130.1825609779488 slot diff 61
, Individuo [13 12 23 14 18 12 19 13  8 17 24  8  5  9 21 12] total slots 228 -- Fitness 374.1825609779488 Km 282.1825609779488 slot diff 23
, Individuo [17 12 26 14 17 12 30 13  8 17 24 28  5  9 21 12] total slots 265 -- Fitness 386.51786441369404 Km 146.51786441369404 slot diff 60


alpha = 4 1000segundos 
[Individuo [20 12 23 14 18 13 18 13  9 16 20 31  5  7 23 15] total slots 257 -- Fitness 371.60690260655736 Km 163.60690260655736 slot diff 52
, Individuo [20 12 23 14 18 13 18 13  9 16 20 31  5  7 23 15] total slots 257 -- Fitness 371.60690260655736 Km 163.60690260655736 slot diff 52
, Individuo [20 12 23 14 18 13 18 13  9 16 20 31  5  7 23 15] total slots 257 -- Fitness 371.60690260655736 Km 163.60690260655736 slot diff 52
, Individuo [20 12 23 14 18 13 18 13  9 16 20 31  5  7 23 15] total slots 257 -- Fitness 371.60690260655736 Km 163.60690260655736 slot diff 52
, Individuo [20 12 23 14 18 13 18 13  9 16 20 31  5  7 23 15] total slots 257 -- Fitness 371.60690260655736 Km 163.60690260655736 slot diff 52
, Individuo [20 22 23 14 18 13 18  5  9 16 20 31  5  7 23 15] total slots 259 -- Fitness 371.60690260655736 Km 155.60690260655736 slot diff 54
, Individuo [20 12 20 14 18 13 18 13 11 25 20 31  5  7 23 15] total slots 265 -- Fitness 371.60690260655736 Km 131.60690260655736 slot diff 60
, Individuo [20 12 23 14 18 13 18  6  9 16 20 31  5  7 23 15] total slots 250 -- Fitness 371.60690260655736 Km 191.60690260655736 slot diff 45
, Individuo [20 12 23 33 18 13 18 13  9 16 20 31  5 24 23 15] total slots 293 -- Fitness 371.60690260655736 Km 19.606902606557355 slot diff 88
, Individuo [20 15 23 14 18 13 18 13  9 16 20 31  5  7 23 15] total slots 260 -- Fitness 371.60690260655736 Km 151.60690260655736 slot diff 55
, Individuo [20 12 23 14 18 13  8 13 31 16 20 31  5 16 23 15] total slots 278 -- Fitness 371.60690260655736 Km 79.60690260655736 slot diff 73
, Individuo [20 12 23 14 18 13 12 22  9 16 20 31  5  7 23 15] total slots 260 -- Fitness 420.35815344109244 Km 200.35815344109244 slot diff 55
, Individuo [20 12 23  6 18 13 18 22  9  5 20 31  5  7 23 15] total slots 247 -- Fitness 420.35815344109244 Km 252.35815344109244 slot diff 42

alpha = 2 1000segundos 
[Individuo [18 12 23 18 20 13 18 12  8 18 26 32  5  6 26 14] total slots 269 -- Fitness 251.96896264717014 Km 123.96896264717014 slot diff 64
, Individuo [18 12 23 18 20 13 18 12  8 18 26 32  5  6 26 14] total slots 269 -- Fitness 251.96896264717014 Km 123.96896264717014 slot diff 64
, Individuo [18 12 23 18 20 13 18 12  8 18 26 32  5  6 26 14] total slots 269 -- Fitness 251.96896264717014 Km 123.96896264717014 slot diff 64
, Individuo [18 12 23 18 20 13 18 12  8 18 26 32  5  6 26 14] total slots 269 -- Fitness 251.96896264717014 Km 123.96896264717014 slot diff 64
, Individuo [18 12 23 18 20 13 18 12  8 18 26 32  5  6 26 14] total slots 269 -- Fitness 251.96896264717014 Km 123.96896264717014 slot diff 64
, Individuo [18 31 23 18 20 13 34 12  8 18 26 32  5  6 26 14] total slots 304 -- Fitness 251.96896264717014 Km 53.968962647170144 slot diff 99
, Individuo [18 21 23 28 31 13 18 12  8 18 26 32  5  6 26 14] total slots 299 -- Fitness 251.96896264717014 Km 63.968962647170144 slot diff 94
, Individuo [18 21 23 18 20 13 18 12  8 18 26 32  5 16 26 14] total slots 288 -- Fitness 251.96896264717014 Km 85.96896264717014 slot diff 83
, Individuo [18  8 23 18 20 21 18 12  8 18 26 32  5  6 34 14] total slots 281 -- Fitness 251.96896264717014 Km 99.96896264717014 slot diff 76
, Individuo [18 12 26 16 20  9 18 12 20 18 26 32  5  6 26 14] total slots 278 -- Fitness 278.24482413931463 Km 132.24482413931463 slot diff 73
, Individuo [18 12 23 18 20 13 18 12  8 32 29 32  5 32 26 14] total slots 312 -- Fitness 281.4297838216045 Km 67.42978382160447 slot diff 107
, Individuo [12 12 23 18 20 13 18 12 14  9 29 32  5  6 26 14] total slots 263 -- Fitness 281.4297838216045 Km 165.42978382160447 slot diff 58
, Individuo [18 12 23 32 20 13 18 12  8 20 29 32  5  6 26 14] total slots 288 -- Fitness 281.4297838216045 Km 115.42978382160447 slot diff 83
, Individuo [18 16 23 28 25 13 18 12  8 18 25 32  5  6 26 14] total slots 287 -- Fitness 286.7280570032191 Km 122.72805700321908 slot diff 82
, Individuo [18 16 23 29 20 13 18 21  8 18 25 32 15  6 26 14] total slots 302 -- Fitness 286.7280570032191 Km 92.72805700321908 slot diff 97
, Individuo [18 16 23 29 20 13 18 12  8 18 25 33  5  6 26 14] total slots 284 -- Fitness 286.7280570032191 Km 128.72805700321908 slot diff 79
, Individuo [24 16 23 29 20 13 18 12  8 18 25 19  5  6 26 14] total slots 276 -- Fitness 286.7280570032191 Km 144.72805700321908 slot diff 71